_null_filler
0.0442
0.0533
0.055
0.0584
0.0659
0.0785
0.0849
0.0929
0.1039
0.1145
0.1339
0.1451
0.1687
0.1728
0.2073
0.2207
0.2419
0.2556
0.2564
0.2603
0.2621
0.2622
0.2746
0.2785
0.2901
0.3025
0.3034
0.3055
0.3078
0.3087
0.3122
0.3163
0.318
0.321
0.3318
0.3321
0.3334
0.3375
0.3385
0.3405
0.3471
0.3476
0.3499
0.358
0.3607
0.3613
0.362
0.3835
0.3847
0.3893
0.4069
0.4118
0.412
0.4208
0.4252
0.4276
0.4333
0.4342
0.4351
0.4434
0.4472
0.4528
0.4575
0.4578
0.4639
0.4665
0.4697
0.4843
0.4849
0.4864
0.4913
0.4923
0.4978
0.5053
0.51
0.514
0.5164
0.5176
0.5221
0.5223
0.5232
0.5326
0.5367
0.5407
0.5408
0.5419
0.5435
0.5504
0.5533
0.5537
0.5546
0.5638
0.5647
0.5653
0.5655
0.5658
0.5677
0.5685
0.5695
0.5774
0.5788
0.5791
0.5814
0.5837
0.5849
0.5854
0.5881
0.5885
0.5916
0.5931
0.5934
0.5942
0.5955
0.5973
0.5979
0.6003
0.6014
0.6028
0.604
0.6045
0.6056
0.6058
0.6071
0.6087
0.6098
0.61
0.6129
0.6148
0.6154
0.62
0.6201
0.6247
0.6318
0.632
0.6339
0.6447
0.6507
0.655
0.6563
0.658
0.6586
0.6597
0.6701
0.6712
0.6848
0.6908
0.6933
0.6941
0.695
0.7108
0.7121
0.7125
0.7146
0.7168
0.7236
0.7252
0.7283
0.7291
0.7302
0.7347
0.7368
0.7382
0.7398
0.7408
0.7422
0.7465
0.749
0.7495
0.7508
0.7522
0.7531
0.7578
0.7634
0.7678
0.7701
0.7703
0.771
0.7723
0.7725
0.7741
0.7745
0.7752
0.7778
0.7804
0.7816
0.7853
0.7876
0.7937
0.7985
0.8069
0.8088
0.8091
0.8093
0.8124
0.8137
0.8179
0.8197
0.8225
0.8231
0.8249
0.8264
0.8279
0.8282
0.8315
0.8343
0.8346
0.8402
0.8413
0.8425
0.8549
0.8551
0.8566
0.862
0.8659
0.8702
0.8718
0.8746
0.8809
0.8855
0.887
0.8887
0.8894
0.8985
0.8997
0.9009
0.9067
0.9092
0.9108
0.9206
0.9217
0.9275
0.9282
0.9284
0.9395
0.9461
0.9476
0.9479
0.9482
0.961
0.9708
0.9753
0.9769
0.9887
0.9946
0.9986
1.002
1.019
1.024
1.0247
1.0373
1.042
1.054
1.0593
1.0598
1.0771
1.0778
1.0842
1.0958
1.0976
1.1086
1.1282
1.1291
1.1298
1.141
1.1413
1.1426
1.1447
1.1518
1.1552
1.158
1.1594
1.1717
1.1777
1.1803
1.1897
1.1973
1.2183
1.2195
1.2199
1.2342
1.255
1.258
1.2595
1.2628
1.2641
1.2656
1.3152
1.3309
1.3403
1.3419
1.3497
1.3502
1.372
1.3737
1.3808
1.3913
1.402
1.4043
1.4368
1.4503
1.4506
1.4608
1.4715
1.505
1.5238
1.53
1.5648
1.5826
1.5888
1.6212
1.6566
1.657
1.6739
1.716
1.7219
1.7324
1.7386
1.7794
1.8051
1.812
1.8156
1.816
1.8583
1.8731
1.892
1.8968
1.9004
1.9282
1.9571
1.9731
1.9954
2.0203
2.0953
2.099
2.1284
2.1704
2.1979
2.2394
2.2411
2.3046
2.3435
2.3457
2.3577
2.5632
2.691
2.7344
2.8304
2.9208
2.9437
2.9483
2.9835
3.0147
3.0149
3.0817
3.3524
3.4747
3.7817
4.1532
4.1999
4.2395
4.3142
4.3496
4.3798
4.4876
4.5146
5.1337
5.7864
6.354
null
