1.0976
0.5442
0.8551
0.4118
0.5837
1.0598
0.2621
0.8894
1.1552
0.5293
1.1413
0.7468
0.3725
1.0593
1.151
0.6563
0.6058
0.6586
1.258
0.9067
0.9708
0.2073
0.5221
0.3893
0.6933
0.3034
0.8413
0.6154
1.1426
0.9206
4.4876
1.1717
0.5365
1.0771
0.716
1.2628
0.5435
4.1999
4.3142
1.1447
0.7672
1.1086
4.1532
0.7495
0.3847
4.0307
0.5791
0.5901
0.4342
0.5677
2.099
0.5638
0.6079
0.6223
0.8556
0.8417
1.402
0.9275
0.7508
1.0247
0.6528
6.354
1.5888
0.2994
2.0203
1.0842
2.1704
0.5911
0.3196
0.3078
0.6597
0.7597
0.5176
1.372
0.5973
4.2395
2.8304
0.2556
0.9946
0.7291
0.3163
0.7408
0.887
0.8197
1.054
1.099
0.5647
0.6028
0.3613
0.6908
0.7703
0.5504
0.8402
0.5367
0.5749
0.7778
0.5849
0.8746
0.1145
1.2183
0.8282
0.8091
0.0442
0.7168
0.7302
0.5053
0.5979
0.7398
1.2641
0.9108
2.6031
1.9731
3.8457
1.1777
0.5774
1.1594
1.3001
0.3122
0.8887
1.1282
1.3497
0.9434
2.4002
0.2114
0.3055
0.6941
1.024
1.4506
0.366
0.4361
1.1973
0.6003
0.5232
2.0953
0.4623
0.5942
0.632
0.6507
0.7283
4.535
0.3299
0.2622
0.4351
0.6087
1.158
0.7741
0.6043
0.7522
0.8315
0.6135
0.9992
4.3496
0.8249
0.3087
0.6247
0.8225
0.514
0.6098
3.0147
0.4575
1.255
0.6318
0.5212
0.5641
0.5931
0.7985
0.3476
1.5826
0.1339
0.5407
1.141
0.7465
1.7209
1.4608
0.4864
0.9395
0.8137
4.3798
0.6339
0.4434
0.293
0.4208
1.2966
3.3524
0.6072
0.2686
0.4069
0.7402
0.1451
0.3607
1.8051
0.524
0.1877
0.554
0.8088
0.412
0.961
0.5533
1.505
0.61
0.1039
0.4528
0.7368
0.5652
0.9009
0.4697
2.5632
0.8039
1.9954
0.6071
0.4704
0.3471
0.5326
1.9004
0.7236
1.1298
0.9887
0.862
0.3321
1.2595
3.4747
1.0373
0.8231
0.5788
0.2603
0.9092
1.3152
1.4464
1.3913
0.9482
0.0849
2.9208
0.7034
2.2411
0.5685
0.7531
0.655
1.9571
0.606
0.3318
1.9282
0.5546
1.5847
0.7752
1.2199
3.7817
0.9284
0.6712
0.4849
0.8718
0.2564
2.9835
0.7745
0.5513
1.2195
0.7948
0.321
0.9986
1.2342
0.695
3.0149
0.7382
0.9217
0.1728
0.7121
0.4276
0.9479
1.019
0.8659
1.436
0.9769
0.5814
0.5391
0.9476
0.6148
4.5146
0.8248
0.604
0.2419
0.8093
4.4791
0.5612
0.8069
0.51
2.3435
5.1337
0.4501
0.9266
1.0307
0.5658
0.4344
0.771
0.3835
0.5223
1.3737
0.6539
1.0118
0.8702
1.2656
0.7725
0.6201
0.5164
1.002
2.691
0.4978
0.6129
0.7634
0.0929
1.3462
0.3375
0.7723
1.2494
2.8625
0.4252
0.7853
0.9461
2.1979
0.8549
0.658
0.6386
1.8731
0.3655
1.3419
0.7816
0.0785
0.8346
0.7876
0.7297
0.0584
1.7324
0.6221
0.5955
1.0958
0.3025
2.3577
1.657
2.9483
0.055
1.3502
0.1687
0.6014
null
1.1518
0.9753
2.225
0.5537
0.358
0.9122
0.8985
2.3046
0.5603
0.7804
0.8997
2.9437
0.5653
0.7252
2.3457