0.606
0.3385
2.8304
0.2622
0.4849
0.8702
0.9395
0.358
0.6043
0.4665
0.9946
0.5603
0.8887
0.7853
1.002
0.0785
1.1973
0.3476
0.321
null
0.8894
0.8855
0.8985
0.5053
1.3462
1.1291
0.4623
2.1979
0.1339
0.5613
0.8746
0.8566
0.1039
0.2621
0.7531
0.8179
2.099
0.7634
1.7386
1.0247
1.1086
0.5435
0.8249
0.7816
0.61
1.024
2.6031
0.6908
0.2746
0.5695
0.1877
0.2564
0.7368
0.1451
1.3737
0.7302
3.4747
0.5223
1.657
0.5901
0.5504
1.1594
1.1717
3.7817
0.6339
1.158
0.6447
0.5788
0.4639
0.4434
0.9275
0.3318
1.9571
1.9731
1.1552
1.9282
0.4069
0.6014
0.2207
0.9753
0.7752
0.3321
0.632
0.8093
0.2785
0.7985
1.054
2.1704
0.6221
0.3299
0.8413
0.4578
0.7522
1.0118
1.3403
0.5911
0.8279
1.1777
1.2656
0.7974
1.019
0.6003
0.8556
1.436
0.362
2.3457
0.524
0.6129
0.2686
0.0442
4.2395
4.1532
0.6597
1.4503
2.3435
0.7745
0.5973
0.3034
0.7283
3.6066
0.3471
0.673
0.5221
0.9887
0.6071
0.293
0.8315
0.4252
4.4791
0.0849
4.3142
0.9769
0.7701
0.3078
2.3577
0.6247
0.4208
0.0584
0.5367
0.6848
0.8549
0.7597
0.4342
1.255
1.3913
0.6941
0.7291
0.7876
0.5837
0.8809
0.4913
1.2966
0.9482
0.749
0.8124
1.2531
1.2342
0.6045
0.4118
0.5641
0.5979
0.6223
6.354
0.6528
2.1284
1.1413
2.5632
1.4506
0.8282
0.716
0.604
0.0659
0.5466
0.8069
3.0147
0.655
0.5638
0.8088
0.9009
0.4344
0.5658
0.3337
1.2398
1.4043
0.9434
0.366
1.258
0.6507
0.7236
0.8551
0.5546
0.6087
0.8997
0.3163
1.402
1.0842
0.8225
0.3499
1.1447
0.4697
1.5888
0.6586
0.7468
0.7741
0.5942
0.6079
0.9284
0.2994
1.3419
0.8718
5.7864
0.7034
1.4715
0.5232
0.8417
2.9483
1.0771
0.7121
0.9122
0.6056
0.3893
0.7108
0.4351
0.2603
0.7578
0.9217
1.8051
2.3046
0.8402
1.3152
0.8091
0.5537
0.5391
0.3334
1.1426
0.7402
1.0778
1.3808
2.691
0.5513
0.3375
0.5955
0.5685
0.5293
0.5612
1.8731
2.7344
1.3309
0.7146
0.7804
0.4575
0.5655
1.0598
0.9479
1.372
0.9092
2.2394
0.8425
1.3497
0.6072
0.6563
0.6028
0.62
0.5814
2.4002
0.4472
1.151
1.2595
0.887
0.8264
0.6386
0.3607
2.5218
0.8346
0.5442
0.6539
1.5238
0.0533
0.4843
0.6098
1.5847
0.6318
4.535
0.5365
3.8457
0.3122
0.7347
0.6148
2.9437
0.5589
0.5653
1.4608
0.9206
0.5881
0.3725
2.2411
0.2326
0.7495
0.7723
0.9986
1.5826
4.4876
0.8039
0.4361
0.5176
0.2901
1.9004
0.3405
0.5326
1.7324
0.5677
2.8488
1.2183
0.9461
0.2556
2.9208
1.0593
1.2494
0.7398
0.2114
2.9835
0.3655
0.5164
0.5212
0.5647
1.0958
0.9067
1.0307
0.3613
0.3196
1.2628
0.5931
0.1687
0.6422
0.5916
1.042
1.6566
0.7703
0.7252
0.4333
0.695
1.1298
0.5849
0.318
0.771
0.8197
0.5774
0.7125
0.0929
0.5885
0.2073
0.7408
1.505
1.099
0.5791
0.9708
2.0203
1.141
0.5533
0.412
0.8596
0.5408
0.5652