0.6701
1.3737
0.7816
4.1532
0.6058
2.2394
0.2556
0.7876
1.1973
4.4876
0.8596
0.7745
0.2994
4.3496
1.505
0.7703
2.2411
0.7252
0.7597
1.2398
0.5653
0.2419
0.5232
0.8809
2.225
0.4501
4.5146
0.1339
0.6528
0.3375
0.8551
0.3337
0.5533
0.6223
1.2531
0.716
1.0307
0.4665
0.7522
0.5658
0.7672
0.8093
2.0953
0.7937
2.5632
1.7209
0.7531
1.258
0.9108
0.8343
3.4747
0.5504
0.321
0.0533
0.7778
0.9992
0.9753
0.3476
1.042
1.3419
0.2686
1.4043
0.3034
0.3078
0.6539
0.2073
2.3046
0.5221
1.0118
5.1337
0.7236
1.9571
0.2785
1.0593
1.7386
0.3318
1.1803
0.5911
0.4351
0.5685
4.3142
1.5826
2.1979
3.0817
0.5655
0.6028
0.3613
0.3196
0.8887
0.6135
0.3499
0.6071
0.7034
1.2195
0.5814
4.4791
0.8249
0.2901
1.1552
0.1451
0.0659
0.655
0.7634
0.4342
0.5788
0.4333
0.3893
0.0584
0.6072
0.5407
0.5435
6.354
0.514
0.5537
0.606
0.6941
1.1717
0.3055
0.673
0.3334
0.749
0.8425
1.1282
0.5589
2.9208
3.6066
0.9708
0.8997
0.5223
0.6056
0.7465
0.5613
1.002
0.961
1.8731
0.9266
1.4368
2.099
0.9434
1.0598
0.7948
1.1897
2.8625
1.3808
0.4208
0.9461
0.3405
0.9887
1.0771
0.8091
0.9284
0.4639
1.3497
0.6087
0.2326
0.4252
4.535
0.4913
1.0958
0.8231
0.9479
0.5854
0.5176
0.9395
1.3152
1.2183
0.7741
0.4276
0.5774
4.1999
0.3471
1.2641
0.8855
2.9483
0.7985
0.9769
1.2595
0.8069
0.9122
1.2494
1.1298
0.3321
0.4623
0.5916
0.5934
1.9282
0.8402
0.8264
0.293
1.054
0.6129
0.7701
0.5647
0.524
2.1284
1.1426
0.8346
0.5881
0.8124
0.5419
0.6201
0.6563
0.6597
1.099
1.2628
0.6014
0.7422
0.2621
0.5367
0.4864
1.0373
0.6003
3.3524
0.5164
0.8179
0.7508
0.7402
0.9275
2.0203
0.5408
1.4715
0.5546
2.6031
0.0849
0.8398
0.4434
1.657
0.51
0.0929
0.8718
0.9084
1.4506
0.9067
0.7382
1.9731
0.2603
5.7864
0.5973
1.3309
0.7723
0.7368
0.4849
0.3299
0.1145
0.5942
0.7578
1.5888
0.2114
3.0147
2.7344
0.1877
null
0.7853
2.691
2.1704
1.2199
0.1687
3.8457
0.8985
1.436
1.0778
0.8413
0.366
0.4472
1.7324
0.3459
0.7168
0.8556
0.1631
0.5603
0.5652
0.6318
0.658
0.8137
1.019
0.5391
1.816
0.862
0.7108
0.6507
0.554
0.7974
2.4002
0.3847
0.7297
0.604
0.055
0.6339
0.7408
0.7495
0.4704
0.8566
0.887
0.6422
0.4069
0.5677
1.0842
0.8225
0.2564
0.61
0.5791
0.6221
0.4361
0.6148
0.2746
0.7283
0.5931
0.9282
1.1518
1.5847
0.8197
0.8113
0.4344
1.1594
0.5979
0.6447
0.8417
0.5749
0.7752
1.024
0.2622
0.3122
1.2966
0.7398
0.6712
0.7804
0.362
0.3385
0.6098
2.3577
0.9009
0.5513
0.5955
0.4978
1.3403
0.412
0.5365
0.8549
1.2787
0.4697
0.5885
0.9217
0.8282
0.4923
2.5218
0.5695
0.8315
2.9835
3.0149
0.2207
0.8746
2.8488
0.7725
0.5053
0.5326
2.3435
1.4464
1.1413
0.6848
1.3913
0.8039
4.0307
0.1039
0.8088
1.9004