0.8248
0.1039
4.3496
0.2785
0.9206
3.6066
0.8124
0.2622
0.7531
0.6247
0.716
2.691
0.606
1.4506
1.1447
0.8551
2.8304
0.4528
0.3476
0.9769
0.6507
2.8488
0.5435
0.658
0.8225
0.7725
0.9122
0.8093
1.372
1.158
0.9708
0.6221
0.3655
2.1704
1.5238
0.7816
0.5365
4.4876
1.3462
1.2641
0.8346
0.7108
1.505
0.749
1.1086
1.2342
0.7672
0.5419
0.9092
0.7347
0.8343
6.354
0.4843
0.1145
2.3457
0.4578
0.3385
3.0817
0.9986
2.225
0.1339
0.7876
1.1426
1.002
0.7778
0.5638
0.5837
0.9946
0.6056
0.7495
0.6201
0.7465
0.8985
3.4747
0.3025
0.7937
0.6447
0.6701
0.6087
0.8549
1.8051
1.7386
2.9483
1.2595
1.0118
0.8315
0.6933
0.5881
0.9275
3.7817
4.5146
0.2603
0.4434
0.2073
0.5053
0.0929
1.2966
1.5847
1.0593
2.6031
0.5326
0.7741
0.9217
0.4665
1.1282
0.7522
0.3725
4.3798
0.4252
0.5407
0.3835
0.3318
1.7209
0.6154
0.321
1.4715
0.3405
0.6028
2.8625
0.4118
0.8179
0.366
0.5788
0.5408
0.4849
0.5677
1.0842
0.5685
0.5814
0.8113
0.887
4.4791
0.6098
0.4361
0.9284
0.6148
0.5232
0.3122
0.6223
0.6908
0.3321
0.6339
0.961
0.5391
0.6848
0.7745
0.1728
1.2787
0.6014
0.9753
0.3196
0.3055
1.2183
0.604
0.5658
0.2207
0.5504
0.2901
5.1337
0.3613
4.0307
0.8091
0.7408
0.5931
0.5647
0.9395
0.0785
0.5164
0.5973
1.3403
0.8417
1.3419
0.9009
0.6386
0.8887
3.3524
0.8746
1.2494
0.9108
0.9067
1.3309
0.358
1.3497
0.4344
1.8731
0.9461
null
0.673
0.4342
0.7368
0.4978
0.2556
1.3808
0.6079
2.9437
0.8566
0.2686
0.5221
0.6058
1.9954
0.6135
0.3334
0.2564
1.436
0.2114
0.5603
1.402
0.8425
0.6045
0.6129
0.4913
1.1897
1.024
1.1413
0.6528
0.1687
2.1979
0.655
0.7297
0.7252
1.9282
0.7703
1.2199
0.7508
1.0958
0.695
0.5223
0.61
0.5513
0.7121
0.4351
0.4333
0.3087
4.2395
0.4623
0.362
0.4472
0.8249
0.7146
0.7985
0.0849
1.1291
0.4697
0.8702
0.8069
0.3459
0.5655
3.0149
0.5911
0.9887
0.1877
0.8197
1.042
0.7723
0.6043
4.1532
0.1451
1.657
0.9992
1.2628
1.3502
0.7678
0.5885
0.7468
0.7752
0.5533
0.3078
1.2398
0.5849
0.6422
0.7034
0.6586
0.412
1.1973
0.5901
0.8809
1.4043
0.62
0.6071
0.0442
0.5774
0.3847
0.6003
0.4923
0.5442
0.9084
0.055
0.7168
1.9571
1.141
0.6318
0.6597
2.3577
0.318
0.5537
0.5695
0.6539
2.4002
0.5979
0.7634
0.2326
1.019
0.7382
4.535
2.2394
0.1631
0.4208
0.7422
0.4639
0.5955
0.9282
0.7597
0.4575
1.0247
1.1803
1.3152
0.7154
1.1594
0.9482
0.8282
0.5612
0.5653
0.0584
0.8231
1.9731
0.4276
1.1777
0.7804
1.1518
1.6566
1.0598
4.3142
1.4608
0.3607
0.2994
0.293
0.3034
5.7864
0.3163
0.5749
0.8855
1.3737
1.1298
1.5826
0.3893
2.5632
0.6941
0.8402
0.3375
0.8556