0.3471
0.3122
1.7209
0.5408
0.7402
0.695
1.151
0.3055
0.8137
5.7864
0.7531
0.9266
0.7816
1.9571
0.6563
0.5613
0.6447
0.4623
0.7236
0.9092
0.7465
2.1704
0.8887
0.7876
0.3893
0.5979
0.51
1.3001
0.4843
0.3334
2.3046
4.1532
0.5973
0.8197
0.7283
0.4501
0.6056
0.9986
0.8997
0.8264
1.258
0.9282
3.0149
2.6031
0.5774
0.6148
4.535
0.2556
4.3496
0.5391
1.2628
0.9479
0.5442
1.5826
2.2394
0.5854
1.402
0.5407
0.0785
0.3847
1.6566
0.3725
0.8402
0.5221
0.7634
1.2342
0.3196
0.7368
0.7974
0.6848
2.9437
0.5326
0.3476
0.5232
1.4368
0.1339
0.5837
0.7168
0.3405
0.4208
0.3163
1.2595
0.5647
0.9461
1.3502
1.042
0.1039
0.5677
0.4913
0.8556
0.362
0.8343
0.658
0.5513
2.5218
0.4697
0.7291
0.7121
1.1777
0.5589
1.4608
0.5885
0.6933
1.1298
0.8039
0.6908
0.3299
0.2621
1.816
1.9731
0.8279
0.6507
2.9835
0.7522
0.7597
0.6028
0.5942
1.0247
0.321
0.5612
0.7398
1.5847
0.5164
0.6539
0.5934
0.1877
0.9284
1.2494
1.3462
0.8855
0.5365
1.1447
0.7745
1.2531
0.7703
1.158
0.2785
4.4791
2.3457
1.0842
1.657
0.8659
0.6586
0.2686
0.0533
6.354
0.5653
0.9887
4.1999
2.3435
0.2114
0.8596
0.862
0.4639
1.0771
0.6223
1.1426
1.1973
1.4464
2.9483
0.7725
4.3798
0.606
4.3142
0.9753
0.6386
0.5901
0.2073
0.8113
0.3087
2.8488
0.366
0.7034
0.6941
1.3419
0.5695
0.7468
0.8894
2.225
0.5955
2.4002
0.9434
0.3321
0.7422
0.8549
4.2395
1.1291
0.4252
0.8179
1.0593
0.4333
1.0958
0.8248
0.8091
0.771
0.3613
1.054
0.6221
0.7853
2.8625
0.8249
0.9946
1.4506
2.1284
0.514
0.8413
0.6422
0.293
0.7108
0.2207
4.4876
0.5466
0.7302
2.0203
0.4923
1.2966
0.554
1.099
2.0953
2.2411
0.5749
0.1145
0.9395
0.6701
0.8718
0.4978
0.2994
0.6201
0.7495
0.5638
0.4118
0.6098
0.6135
1.0373
0.8088
0.9084
0.5419
0.4342
1.2183
0.7578
1.2787
0.1687
2.1979
1.3497
0.7701
2.8304
0.6154
0.7252
1.7324
0.9476
0.7154
0.5849
1.255
0.4849
0.1631
0.9009
1.8731
0.055
1.4715
0.7297
0.0442
2.691
0.8746
1.4043
0.5685
1.1594
1.1086
3.0147
1.0598
0.4472
1.1518
0.716
null
3.4747
1.2656
0.4069
1.024
1.7386
1.019
0.6043
1.3403
0.7741
1.1803
0.7146
0.5931
0.5546
0.412
0.6129
1.141
0.7382
0.4361
0.3459
1.1717
0.1451
0.2622
0.3025
0.5788
0.9067
0.8225
0.4665
0.358
0.3318
3.0817
0.5916
1.3152
0.4575
0.5293
0.655
4.5146
1.3737
2.5632
0.7752
0.6318
0.318
0.8346
0.0584
2.9208
0.4578
1.9954
0.9992
0.7723
0.5533
0.6597
0.5053
0.9769
0.8231
1.1552
0.5223
0.6247
0.632
0.3078
0.8985
0.2564
0.5435
0.8809
0.6072
1.372
0.9708
0.5658
0.524
0.5176
0.5504
0.6071
0.887
0.7985
0.5537
0.1728
0.7937
0.9482
1.4503
0.9217
3.6066
0.61
0.5814
0.4864
0.7678
0.5655
0.4276
0.6339
0.0659
2.099
1.3913
0.5603
0.3337
0.5911
4.0307
0.6712