0.9092
0.3655
0.5221
0.7703
0.5774
0.3385
1.0842
0.524
0.8549
0.5901
0.8413
1.2787
1.1973
0.1145
1.402
0.9992
0.5365
0.862
0.5407
1.3502
3.0149
0.7948
0.5973
0.9266
0.318
0.5442
1.9571
1.5847
0.0929
0.6539
0.5658
0.9708
0.4978
1.024
2.6031
2.3457
0.3459
2.2394
0.6129
0.3405
0.5533
2.9208
0.5408
0.62
0.2073
0.7816
1.1426
0.9009
0.5419
null
2.1979
0.8551
0.7804
0.632
0.6223
0.3835
0.7578
0.6597
2.099
0.554
0.4501
0.3375
0.8809
2.3046
2.1284
0.6079
0.3122
0.655
0.7408
0.2207
0.6848
5.1337
0.6071
0.6528
0.6072
0.8249
0.9217
0.7382
0.7368
1.141
0.3196
0.4344
0.0533
0.9206
0.0584
0.7937
0.6712
4.3798
1.2595
0.7302
1.4503
0.7678
0.6045
2.5632
0.8425
0.5537
0.7876
1.2195
0.3499
0.5849
0.6043
0.5854
0.7725
0.7146
0.4276
0.1877
0.5647
0.8596
0.4342
1.099
0.6339
0.8894
0.6318
1.0593
0.8556
3.3524
0.3163
0.7108
3.7817
0.5979
0.5613
0.7297
1.7324
0.8702
0.3055
0.2994
0.7283
1.2398
0.8346
0.9084
0.8069
2.8488
0.7398
0.412
0.358
0.3725
1.0958
0.4351
0.8093
1.372
0.5391
0.606
0.8039
0.2785
0.6247
2.5218
1.5238
1.3808
0.7291
1.3497
0.5164
0.7531
0.604
0.6087
0.7422
2.9835
1.1291
0.6058
0.8279
0.5791
0.8113
0.6908
0.887
1.2656
0.4843
3.0147
0.5653
0.3476
0.695
1.3152
0.7741
1.5826
0.8659
0.7508
0.0442
1.3737
2.7344
2.2411
0.5885
0.6447
1.2183
4.4876
0.514
0.4864
0.9769
0.8231
0.8746
0.0785
0.7522
0.3025
1.2531
1.8051
0.5652
1.1413
0.961
0.8402
0.4118
0.9108
0.4849
2.4002
1.2966
0.8282
0.5695
0.2686
1.4464
0.6201
0.8197
2.8625
0.8315
2.691
0.5293
4.5146
0.61
0.2621
0.4923
0.8887
0.9479
0.6563
1.7386
0.8855
0.3299
0.8718
4.3142
0.7465
1.4506
0.5546
0.4528
0.9395
0.7252
0.8225
2.9483
0.9887
0.6014
0.6003
0.4665
0.8997
1.0373
1.1282
1.158
0.2556
1.1518
1.4608
1.2199
4.535
1.6566
0.673
1.1086
1.1803
0.8343
3.0817
1.3913
1.816
4.3496
0.5589
0.0849
0.6056
1.255
1.0598
0.3607
0.658
0.3334
0.8985
0.7634
0.6135
0.5612
0.5603
0.366
2.3435
1.3462
0.5232
0.1039
1.4043
1.1298
0.7125
0.7495
1.1594
0.8179
2.225
0.8124
1.5888
1.3403
0.7597
1.2342
1.3001
0.7672
0.6386
0.4333
0.3337
1.1552
0.9067
0.9476
0.7723
4.2395
1.1897
0.2419
0.5881
2.8304
0.6422
0.5911
1.0778
0.6507
0.2746
1.042
0.5677
1.054
0.8417
0.1687
0.8088
1.657
1.3309
0.7974
0.5788
0.5655
0.2901
0.3471
2.3577
1.2628
0.4697
1.8731
1.0307
1.1717
0.5685
0.4434
1.0247
0.9284
0.716
0.7402
1.002
0.7752
0.6941
0.6933
0.7778
0.4069
0.5504
0.7745
0.3613
0.8137
0.9122
0.3847
0.2603
0.5223
0.51
0.293
0.5435
0.4252
0.9461
0.5212
0.2114
0.2622
1.019
0.2326
1.1777
0.4578
4.0307
0.3321
0.3893
1.436
2.1704
5.7864
0.6221
0.8264
1.505
0.5931