0.5221
0.8137
0.3122
0.9946
0.4472
1.4503
5.7864
0.604
0.8887
0.4434
0.8702
0.7121
0.5791
0.5849
0.7168
1.0593
1.3309
2.9483
0.658
0.7752
0.0929
1.2595
0.8088
0.632
1.4608
0.4208
1.3808
0.5653
0.7283
0.5419
2.7344
0.6098
0.7778
0.6071
4.3496
0.8315
0.7853
1.1594
4.1999
0.2419
4.5146
1.816
1.054
1.402
0.6028
1.158
0.8124
0.7634
0.5326
1.2195
1.0958
1.2656
0.1451
1.1803
0.7816
0.9708
0.7465
2.3577
1.2342
0.0849
0.6318
0.6848
2.1704
2.2411
0.8282
0.3334
0.5837
0.7146
0.6087
0.1145
1.3403
0.6045
1.002
0.9482
0.8551
3.0149
1.141
1.1518
0.4913
0.8659
0.9476
0.6941
1.1298
0.7368
4.1532
0.8179
0.8566
4.3142
0.514
0.9479
0.4342
0.9769
0.4252
1.1717
0.6056
0.318
0.3405
0.7578
1.255
0.8091
0.6058
3.3524
0.5504
1.3913
1.9731
2.5632
0.3893
1.8731
0.862
1.1897
0.8343
1.3152
0.8425
0.9217
0.2746
5.1337
1.9282
0.2073
1.5826
1.4506
0.3034
3.7817
0.5788
3.4747
0.9887
4.2395
0.6003
0.4923
0.8231
0.7495
1.1777
0.4069
0.9395
0.8746
0.2564
0.3385
4.4876
0.7252
0.5223
2.2394
0.321
0.5176
0.5814
0.6014
1.019
0.6701
0.6507
0.7125
0.9282
0.7398
1.2641
0.5647
0.7985
0.9092
0.7531
0.61
0.5164
0.7382
0.4849
0.5232
0.4351
0.6933
0.5537
0.5854
1.7386
1.6566
1.1552
0.2621
0.8413
1.0842
0.362
0.7741
0.8894
0.3607
0.9009
0.5053
1.4368
0.3476
1.0771
1.2199
1.3497
0.8346
0.7108
0.5435
0.6154
0.9986
0.7678
1.0778
1.3737
0.4864
0.5655
0.4978
0.4578
0.4575
1.1447
1.4043
0.055
1.505
0.62
0.8997
0.961
0.7937
2.1979
2.9835
0.3055
0.1687
0.6339
0.9461
0.5546
0.8855
1.0373
0.5881
0.6247
0.358
0.771
6.354
0.8985
1.7324
0.8809
0.0533
0.2901
1.8051
1.2183
0.7236
0.7745
1.3502
0.9108
0.8264
0.5695
0.7701
0.5367
1.0976
0.5955
0.749
1.1426
0.5979
1.1973
3.0817
0.5916
0.8279
1.0598
0.7876
0.1728
0.5638
0.5533
0.4118
2.9437
0.8093
0.6447
0.7723
0.2622
0.9206
0.4333
1.0247
0.3613
0.3025
0.9284
0.8225
0.6597
0.6129
0.7522
3.0147
0.9275
0.5407
0.6563
4.3798
null
0.887
0.1339
0.7804
1.657
0.3499
2.3046
0.8402
0.8718
1.024
0.8069
0.3835
0.7408
0.4843
1.9954
0.5885
0.3078
0.5931
0.0659
0.2556
0.0442
0.6908
0.3375
0.4276
2.9208
2.8304
1.9004
0.3087
1.1086
0.6201
0.5685
0.2785
0.7347
1.372
0.4639
0.4528
1.1413
1.3419
2.691
0.3318
0.9067
0.412
0.7508
1.2628
1.258
2.0203
0.6712
0.4697
1.5238
0.3163
0.7302
1.9571
0.5677
2.3435
0.0785
0.1039
2.099
0.6586
1.5888
1.1291
0.4665
0.7291
0.5973
0.3471
0.6148
0.655
0.8197
1.1282
0.2603
0.8549
0.7422
0.7725
0.5408
0.695
0.3847
0.5942
0.7703
2.0953
0.5658
1.4715
0.5774
2.1284
0.2207
0.9753
2.3457
0.51
0.5934
0.8249
1.042
0.3321
0.0584