0.2073
2.099
0.0849
1.436
0.5854
1.0778
0.7778
3.0817
3.8457
0.3163
0.3375
0.1728
0.4333
1.1594
0.7634
1.372
0.7302
0.4704
0.8279
3.4747
1.3152
0.4864
0.6597
1.258
0.8887
0.4208
2.7344
0.2207
0.4434
0.5695
2.8625
1.7386
0.9887
0.8282
1.4464
0.5677
0.2564
0.1039
0.3471
0.8855
1.3001
0.5408
0.0929
1.2494
1.1447
0.9284
0.3334
0.6148
0.0533
1.0307
0.6087
0.3318
0.6003
0.2326
6.354
0.7597
2.9437
0.7578
0.8809
0.8398
0.5176
0.2622
1.4368
0.8137
1.4506
2.1704
0.4118
0.7034
0.7816
0.3337
1.255
0.5391
2.3435
1.0958
4.4791
0.8069
0.2901
0.2419
1.3808
0.5647
0.8402
0.6071
0.3299
1.2595
0.7948
0.7125
0.961
3.0149
0.3025
0.887
0.7741
0.8039
0.5955
1.2195
0.5326
0.3655
1.3403
0.4849
0.8088
0.8659
0.7745
1.1282
2.691
1.099
0.5911
0.716
0.606
0.9992
1.1298
1.8731
0.2603
null
0.5901
0.7937
0.6154
0.4361
4.5146
1.5888
1.9004
0.8551
0.4578
0.8746
0.0785
0.6247
0.3613
0.7236
0.9206
2.9208
1.1413
4.535
0.4472
1.151
1.3497
0.5221
1.9571
0.293
0.9067
0.4623
0.4665
0.8556
2.6031
2.9835
0.5881
0.7495
0.9217
0.8093
0.5212
0.8091
0.7154
0.4344
0.3385
5.1337
1.7324
0.5979
0.6712
0.9479
1.816
0.6386
1.2398
0.8417
0.8596
4.2395
0.7703
0.9986
0.4342
1.3502
0.5367
0.3055
4.1532
0.8248
0.554
0.4575
0.9482
1.1717
0.8197
0.5466
0.9275
0.7168
0.6586
0.5053
0.0659
0.5513
1.2656
1.0598
1.657
0.5655
1.1897
3.3524
0.7804
0.524
2.2411
0.4843
0.6848
1.1777
0.8179
1.5826
0.6079
0.055
0.6223
1.002
0.5407
0.5164
0.7108
0.2994
0.5533
1.2966
1.7209
0.9266
1.1973
0.6447
1.3737
0.5849
2.4002
0.658
0.7465
2.3577
0.9434
1.2641
0.862
0.6221
0.6507
0.749
1.1803
0.3847
0.1145
0.5942
0.9476
0.4069
0.1877
0.6318
0.514
0.604
2.9483
1.158
0.5603
1.0842
0.8124
0.5916
0.8346
0.6058
3.0147
0.5791
0.3499
0.4639
0.7531
0.5885
1.2628
0.7468
0.6129
0.2686
0.0442
2.1979
0.9753
1.0118
0.8425
1.2199
1.3309
1.0976
0.4528
2.8488
0.6933
0.9009
0.4978
0.8718
0.3034
2.3457
0.5293
0.7382
0.6339
0.7876
2.3046
0.3459
0.3476
0.7853
0.6422
0.7402
0.7252
0.7408
0.5658
0.7678
0.7368
1.054
0.6528
0.7347
1.3913
0.7283
1.024
2.0203
0.6072
2.225
0.5442
4.0307
1.5847
0.1687
0.7422
0.3078
1.1518
0.5652
0.8113
0.9769
0.5504
1.0373
0.4501
1.0593
1.042
1.0247
0.7146
0.6135
0.3725
1.2183
0.5223
0.771
0.5749
0.5837
0.8997
0.7522
0.4923
0.7398
0.4276
0.9084
0.318
0.8413
0.3893
0.51
0.7985
0.5419
0.1451
0.1339
0.6539
0.9108
0.7974
0.8264
2.0953
3.7817
0.8985
0.6908
0.7672
0.5435
0.5931
0.1631
0.6043
0.6045
0.321
4.1999
1.1426
4.4876
1.3419
1.019
0.5537
0.6201
0.6098
0.5788
0.3122
0.61
0.3321
0.673
0.2621
0.6028
0.3405
0.7723
2.1284
0.2785
0.5638
0.7291
4.3142
0.5685