0.4361
0.6129
0.8197
0.749
1.2398
1.2199
0.8413
0.5685
0.4333
1.9731
1.657
0.862
0.9482
0.4252
0.8039
0.5212
1.2595
1.258
0.5973
2.9437
0.1451
0.6422
3.0149
0.6071
0.5513
0.5837
0.7937
1.141
0.7468
0.0785
0.1631
3.3524
0.6148
0.7974
1.1973
0.62
0.6135
0.5791
0.3476
2.1704
1.816
0.2994
0.7531
0.9275
0.4578
0.1877
0.4623
1.2656
0.3607
1.5847
0.3025
3.4747
0.7108
0.5677
0.9946
0.6597
0.4639
5.7864
0.3835
0.716
4.1532
0.9434
4.4876
2.0953
0.2207
0.8551
0.8137
0.2326
0.6447
0.9282
1.9282
0.5647
2.3577
0.7495
2.2394
4.3496
0.3471
0.8746
1.2531
0.8596
1.4043
2.8625
0.7034
0.61
1.402
0.7236
0.358
0.7672
0.3196
0.8249
1.4503
0.9395
3.7817
0.5749
0.4351
0.3087
0.7347
0.5442
0.5367
1.024
0.5408
0.9284
1.2195
0.961
0.5788
0.6003
1.151
1.0373
0.5901
1.9004
2.3457
0.4276
0.5638
0.632
1.6566
0.3893
0.3375
0.5466
0.5658
0.7703
0.9992
0.5293
0.3385
0.7408
0.7745
4.2395
0.2564
0.8659
0.5881
0.6072
0.3318
1.1897
0.7283
0.366
4.4791
0.6087
0.362
0.5911
2.2411
0.5814
0.3847
0.8113
1.2494
0.9122
0.0442
0.7701
1.4506
1.1594
0.8887
4.3142
0.8402
3.0817
0.7853
0.4843
0.2419
1.1552
0.9067
0.5653
0.6045
0.6507
1.9954
0.6056
6.354
0.7752
0.6098
5.1337
0.8556
0.4434
0.8997
0.2621
0.7368
1.042
0.7876
3.8457
0.5533
0.5365
0.5053
0.5589
1.019
0.8549
null
2.5632
0.8093
0.8282
0.3655
0.2114
1.3419
0.318
0.6848
0.6386
2.4002
0.5613
1.2641
0.5391
0.4864
0.6058
0.1687
3.0147
0.412
0.1728
1.7324
0.5419
0.8091
1.3152
0.7778
0.5176
2.7344
0.7146
0.7252
0.6201
0.5885
0.5849
0.6318
0.5931
0.7634
2.9835
0.2901
1.3913
2.3046
0.5979
1.0842
0.8566
0.9887
0.6339
1.372
0.7465
0.9206
2.8304
0.4208
2.8488
0.5955
0.7154
0.2686
1.2342
0.5854
0.5641
0.7741
0.6908
0.5603
1.255
0.554
1.0593
1.4368
0.6079
0.8894
0.3725
0.7402
2.099
0.5221
2.1979
0.321
0.655
4.535
0.5537
1.158
1.0118
0.4118
1.1777
0.5326
0.2622
0.8225
0.8343
1.4464
0.8264
1.3737
0.8855
1.0598
0.9769
1.2787
1.0307
0.8124
0.8315
1.8731
0.9986
0.5407
1.0247
0.9461
0.8718
0.5164
0.7725
4.1999
1.7386
0.5504
0.4923
0.7804
0.0584
0.3459
0.055
4.3798
1.7209
0.293
0.4472
0.1145
0.524
1.1282
0.6712
0.6221
2.691
0.6223
1.5888
1.3502
1.1291
2.9483
2.225
1.1518
0.6933
0.5652
0.7948
0.6539
0.51
1.3309
0.2603
0.8985
0.7522
0.6247
0.7291
0.7723
1.099
1.1803
0.7597
0.9217
0.6563
0.6014
1.0778
0.8346
0.9108
0.4069
0.4575
0.3405
2.3435
0.3055
0.2785
1.5238
0.6701
0.7302
0.514
1.1298
0.8279
1.054
2.6031
1.505
0.9479
1.3403
0.9009
2.5218
0.7382
0.0659
1.3462
1.1413
1.9571
0.6043
0.4501
0.3122
1.002
0.5612