1.2595
1.4506
0.6003
0.5419
0.6933
0.5911
0.524
0.5916
0.3847
0.5658
0.6043
0.6447
0.9067
0.5326
0.5881
0.362
1.6566
0.7125
0.6586
0.9482
0.3893
1.2787
2.9208
0.8417
1.1426
1.2195
0.606
0.8231
0.7723
1.0842
0.4344
0.318
0.2419
0.6154
1.4715
0.5232
1.1973
1.7386
0.8039
0.7634
1.9571
0.5365
0.6712
0.3613
0.7597
1.2342
0.5955
0.3122
0.5942
0.4978
0.6247
0.8985
1.0118
0.8887
1.2398
1.1086
0.8718
0.6221
0.1145
1.0373
0.8702
3.0149
1.372
0.8746
0.7283
0.2994
0.5854
0.4704
0.658
0.2621
0.7508
0.2114
1.255
1.0771
0.321
0.6079
1.0307
0.8315
1.3462
0.8137
0.5653
0.293
0.9275
0.4333
0.5293
0.7578
1.5847
0.9946
0.7465
3.4747
0.5791
0.8279
0.5589
0.8402
0.6597
0.8248
2.9483
0.6908
1.2641
0.4665
0.4208
0.8659
4.0307
0.8596
0.716
0.7985
0.9986
1.3419
1.7209
0.7778
0.6563
0.0929
4.3142
0.6058
0.8091
0.0785
0.7408
0.0849
0.62
0.2746
0.2686
0.5979
0.7974
1.7324
0.5647
5.7864
1.5826
1.141
0.4069
0.8249
0.6014
1.816
0.3334
0.6507
1.3152
0.4864
4.5146
0.7034
0.8346
0.6028
0.5612
0.6386
2.3577
0.9461
1.1897
0.695
0.9887
0.8088
0.6339
0.673
0.9122
0.3471
0.8343
0.5788
0.4361
0.7752
1.1552
0.7302
0.3405
0.7402
0.6087
0.7422
0.4849
0.7252
0.5533
0.8225
0.7948
0.3078
3.8457
1.1298
0.0584
0.5677
0.5749
3.7817
0.7347
0.3055
0.51
1.0593
1.3309
2.2394
1.9954
1.3913
0.2785
0.3163
0.8093
0.9708
0.2326
0.9009
0.8124
0.7741
0.5391
1.099
0.4501
0.6701
0.887
0.2073
0.4639
0.1728
0.5435
2.3046
0.7168
0.8809
0.3835
0.7816
0.412
0.4923
0.2564
0.4276
1.024
0.055
0.3385
0.1039
0.6045
0.1687
0.8425
0.4528
0.3476
0.4434
1.2656
0.8282
1.402
1.3403
4.4876
0.5442
0.2622
4.3496
0.7853
1.258
0.8894
1.1291
0.5603
0.4342
1.2199
0.632
0.7672
0.3375
0.9206
0.4575
0.6056
0.2901
0.5837
0.9084
0.5407
3.0817
0.7108
0.6848
1.151
0.3299
2.3457
1.2183
1.019
2.225
6.354
0.7368
0.749
0.5367
2.099
0.6539
1.1518
0.3034
4.1532
0.3725
0.6318
1.0976
0.8556
0.3337
0.7522
0.8069
0.7937
2.0203
0.9284
1.3001
1.1803
1.9731
0.7236
0.9479
null
4.2395
4.3798
0.3459
0.5546
1.436
0.5652
0.6148
0.8855
1.5238
2.4002
0.862
0.1631
0.6071
0.7495
1.0247
0.9992
2.1284
0.3087
0.655
2.1979
0.9092
0.8197
1.8051
0.7531
3.0147
2.8488
0.7745
0.8113
0.7468
2.3435
1.002
0.3499
0.5513
1.5888
1.1777
2.2411
0.5408
2.8625
0.6941
2.1704
0.61
1.505
0.5885
0.4578
0.7703
1.9282
0.3025
1.3808
0.5774
0.5973
3.6066
0.8566
0.6135
4.1999
1.4608
0.1339
1.054
1.8731
0.9266
0.5537
0.3321
0.2207
0.2603
0.8549
0.9282
0.3318
1.1594
1.3502
2.5632
0.5613
0.961
0.9108
0.0533
0.366
2.691
1.9004
0.4252
0.8398
0.8997
0.1451
0.4118
1.1413
1.657
1.0958
0.5849
0.3655
2.9437