0.3087
0.7291
0.8551
1.0598
4.0307
6.354
0.7723
0.2564
0.5176
0.5326
0.2419
1.1086
1.0976
0.8596
0.7948
0.4472
0.5973
1.158
0.6848
0.62
1.0373
0.4344
0.9395
0.0785
0.632
1.1413
1.2595
0.7121
0.5419
0.5677
2.691
0.2603
3.7817
0.5391
0.9217
0.7297
0.3835
1.1518
0.0584
0.4069
4.3798
1.9004
0.5854
0.7382
1.2531
0.6447
0.6933
2.8625
0.6539
0.961
1.4043
0.3476
0.4276
0.6941
0.7368
0.5916
0.8113
0.2901
0.0533
3.3524
1.258
0.3847
0.8093
0.5885
1.657
1.1594
0.9282
0.318
0.695
0.3471
4.4876
1.042
0.5293
2.7344
0.606
0.6528
0.9753
0.7146
0.5849
0.2785
0.7522
0.9482
1.0307
0.3607
0.9887
2.1979
1.402
0.5533
0.4639
0.6908
0.5407
0.2994
1.0118
0.6221
1.1291
0.8279
1.3497
0.7937
0.8549
0.1631
0.3385
0.7252
2.2411
0.6201
0.7034
0.6318
1.0771
1.3808
0.0929
0.5537
1.0842
0.6028
0.6701
0.5513
2.9483
0.362
4.1532
0.3613
0.2207
1.4608
0.6014
0.5638
0.366
0.4704
0.2686
0.7974
1.0247
0.4118
0.8197
0.7302
0.6422
0.9206
1.2494
0.4342
0.0659
0.524
1.099
1.2966
0.4665
0.7408
0.3337
1.002
1.4506
0.5221
0.293
0.5652
0.8124
2.0953
0.514
0.6507
0.5788
1.5238
0.7422
0.6563
4.535
0.6056
2.3457
2.9437
0.1451
0.3055
0.5774
0.7745
0.5223
0.5901
0.9769
0.9122
0.8088
0.6003
0.7703
4.2395
3.4747
1.9571
1.9954
0.2556
0.5814
0.5053
0.4843
0.7468
0.5931
2.099
0.5658
0.7725
0.5442
1.1552
2.1704
0.9476
0.8179
0.5435
0.7634
0.6148
1.2628
4.5146
2.225
0.5367
0.9992
0.4849
0.7876
0.7853
0.5647
0.6058
1.5847
1.141
0.5791
0.4575
0.8225
1.5888
0.3334
0.5979
0.7168
1.1426
1.1803
3.0817
2.8488
0.4978
0.6339
0.3725
1.5826
0.8413
1.4715
0.3893
0.4578
1.019
1.372
0.2746
2.6031
1.8731
0.554
2.3435
0.8702
1.4368
1.2656
0.6043
0.5653
0.3025
0.8894
0.7125
0.5911
0.5504
0.7778
0.6098
0.6045
2.9835
0.8997
0.5212
0.5164
1.1973
0.9108
1.3419
1.4464
1.3462
1.1298
0.9946
0.8659
1.3001
0.6129
1.2641
0.2621
0.7347
0.2326
0.7108
1.816
1.1447
1.0778
2.9208
0.716
null
1.4503
4.4791
1.3403
0.61
0.5232
0.8249
0.3163
1.3502
0.5612
0.4361
0.6072
0.1728
0.5749
0.6597
0.6087
0.5641
0.3078
0.7283
0.3459
4.3496
1.1777
1.9282
0.4697
0.5837
1.2398
1.0958
1.2199
1.6566
0.8855
0.7154
0.7816
1.1282
0.5603
0.6386
0.5934
0.3196
0.8264
0.8346
0.4923
0.5955
1.024
5.1337
0.6079
1.2183
0.4528
1.3152
4.1999
5.7864
0.9284
4.3142
0.7672
0.8069
0.5695
2.2394
0.7578
3.6066
1.1717
0.9084
2.5632
0.9092
0.2622
2.1284
0.7804
0.8402
0.6223
0.3299
0.3405
0.1877
0.7985
0.7402
0.3318
0.0849
0.7752
0.2114
2.8304
0.7236
2.4002
0.9461
3.0149
0.5546
0.4501
0.412
0.8718
0.7701
0.5466
0.8425
0.055
2.3577
0.3375
3.8457
0.8398
1.3737
0.887