0.655
1.1298
1.2183
0.7876
0.6563
1.1777
0.7701
0.524
0.1631
1.4506
1.402
0.0849
0.7146
0.9946
1.0598
0.2686
2.9208
1.0771
1.1803
1.5847
0.5931
0.3034
null
0.6223
0.8249
0.8343
0.5942
0.7302
0.8551
0.8549
1.024
1.1717
0.4978
0.4069
0.5695
0.8887
0.5749
1.002
2.8488
0.4923
2.0203
0.9266
0.1145
1.2494
0.2603
1.2641
0.5613
2.5632
0.6908
0.51
2.099
2.1979
0.6539
0.4697
0.7741
0.5973
0.3405
2.0953
0.6597
0.5223
0.7723
1.2199
0.3476
0.862
0.7154
1.0842
0.5658
0.6339
1.816
0.8091
0.412
0.5164
0.3196
0.6056
2.4002
0.5641
0.4472
1.1086
0.8113
0.5638
1.1291
0.3163
2.2411
0.9708
0.3459
0.514
0.7297
0.9108
2.6031
0.3078
1.3152
0.6848
1.2195
0.9992
1.1552
0.9217
4.5146
1.1594
0.3835
0.1039
0.5367
1.0307
1.2595
2.691
0.7408
1.4043
0.0442
0.9092
0.4252
0.8402
1.5238
0.2901
0.771
0.5677
0.4864
0.7678
3.3524
0.6045
0.6507
1.7324
0.5232
0.604
1.0778
0.3847
2.3435
0.3499
1.4608
0.7725
0.3893
1.099
0.1728
0.8197
0.8088
0.5221
0.5212
0.7816
0.887
0.9395
1.4368
3.0149
0.321
0.4351
0.5442
0.7578
0.4913
0.7752
0.5653
1.9731
1.1413
3.8457
1.7386
0.6058
0.293
0.606
0.5647
1.9282
0.8417
0.7168
0.62
0.8137
0.8069
0.3055
0.9986
0.6043
0.5419
0.5916
0.4208
0.8279
0.6087
0.3613
0.0785
1.019
2.3046
0.7121
2.9483
0.2419
3.7817
0.7778
0.358
0.8179
1.2398
3.0817
0.8809
1.151
0.1687
0.7495
0.7291
0.5685
0.5612
0.3318
0.9769
0.5365
4.3496
0.5533
0.362
0.7398
1.042
0.8566
0.0584
1.9004
1.3502
2.8625
0.7465
0.2994
0.5791
0.4639
0.3334
0.8264
0.4849
0.3122
1.1447
0.055
0.5911
1.1518
0.3321
0.3025
0.7703
0.8315
0.3375
0.4342
1.3309
0.366
0.4344
0.3337
0.4434
1.0593
1.3403
0.1339
0.554
0.6318
0.7745
0.6528
0.5546
0.3087
1.657
0.5391
1.5826
2.7344
0.3471
0.7531
0.1451
1.1282
0.5603
0.5652
0.695
1.3913
0.5955
0.6386
0.7597
0.7382
0.2746
0.8425
0.5408
0.8093
1.8051
1.2656
1.5888
1.3497
0.6933
0.6447
0.4118
0.4276
3.6066
0.9084
1.4715
0.2622
0.7422
0.4361
0.4575
2.3457
0.5504
0.3655
0.5901
1.6566
0.9753
0.7252
0.7804
0.5407
1.9571
0.632
0.5774
0.9476
0.6129
3.4747
2.9835
0.9206
0.4333
0.5326
0.2785
0.2556
0.7402
0.6701
0.8718
0.6098
0.2207
0.6712
0.5293
0.8556
0.716
4.1999
0.8894
0.8746
1.3462
0.0659
0.5466
0.5934
4.3798
0.961
1.1897
0.4501
0.6148
0.6079
0.5788
1.2531
0.318
0.5814
2.9437
0.8659
0.5537
1.0373
0.5854
0.4665
4.535
0.749
2.3577
0.5885
0.7125
1.9954
0.6154
0.9275
0.8596
1.2342
0.6221
0.7634
0.2114
1.3001
1.158
0.7368
0.8039
0.7236
0.7108
0.1877
0.8282
2.1284
1.436
0.5655
0.8985
2.5218
0.5513
0.658
0.8248
0.0929
0.3725
1.3419
0.8997
0.5979
1.2966
0.5435
0.8346
0.8413
0.2326
0.8231
0.9479
4.4876
0.8855
1.0247