0.524
2.3577
0.8197
0.2556
0.318
0.1339
0.7408
0.2603
0.3318
0.2564
1.1426
0.3078
0.5652
0.4501
1.505
0.604
0.8264
0.3163
0.6148
0.5603
0.8179
1.4368
0.4342
4.5146
0.8596
1.1298
0.4528
0.6848
0.5647
1.158
0.6933
0.4978
1.3913
0.1631
1.2595
2.691
1.4715
1.002
4.2395
4.3142
1.0598
0.6597
1.1803
1.2628
0.51
0.5901
0.9461
0.6014
0.5973
0.5391
0.4697
0.1451
0.9275
0.3405
0.8343
0.2785
2.3046
0.673
0.5942
0.61
0.5979
1.0307
0.8566
0.3725
0.5053
0.3893
0.7297
0.7634
1.3502
3.0817
0.9482
0.4864
0.3025
0.7723
1.1973
0.4639
2.9208
2.9835
0.716
1.2195
0.5408
1.372
1.0958
0.4923
1.1897
0.6129
0.5537
0.6712
0.7252
0.606
0.4575
0.3034
1.3309
0.5931
0.3196
1.1086
2.2394
1.1518
1.5826
0.6223
0.3835
0.7108
1.9571
0.5164
0.8248
0.8855
0.0849
1.7324
2.8488
0.7745
0.7368
0.2114
0.7347
1.054
1.2641
0.4252
0.658
null
0.1145
0.9108
1.6566
0.5513
0.4344
0.6098
0.8718
0.5955
0.8282
0.5546
0.0584
0.5613
1.7386
0.3087
0.2326
0.6045
2.3457
0.7853
0.362
0.0929
0.887
0.5788
0.4434
0.2419
0.3375
0.3476
0.7522
1.1594
0.9122
2.3435
2.5632
0.3607
3.8457
0.2207
0.7402
0.6003
0.4578
0.7121
1.042
0.8249
4.535
0.7465
0.5407
0.2994
0.0533
0.7398
0.2686
2.225
0.7422
0.8702
0.7146
1.1447
0.5881
1.2183
0.3299
0.1039
1.4503
1.0842
1.3001
0.5365
0.5442
0.5653
0.1728
0.9067
2.4002
0.9266
0.9282
3.0147
0.7578
0.5849
0.5774
0.1687
1.4464
0.8402
0.6422
0.3122
0.9986
0.4913
0.6247
0.9092
0.632
0.412
1.2787
0.5791
1.3808
0.9992
0.5232
0.293
0.695
0.4276
0.8231
0.749
0.6154
1.024
0.7778
1.2398
1.4608
0.5212
0.5326
2.1284
0.5911
0.771
0.7876
0.7804
1.0118
0.2746
0.4665
6.354
0.8746
0.8551
1.2199
0.5293
0.9753
0.7974
1.2966
1.151
0.366
0.6087
0.5367
0.8417
0.7468
0.6028
0.6447
0.6507
0.6043
3.3524
2.5218
0.5419
5.7864
0.7816
0.8809
1.9004
1.3462
0.4208
0.4118
1.657
1.2494
0.6221
0.5749
0.055
2.0953
1.099
0.5221
0.4704
0.9434
0.6201
2.6031
0.6701
1.0373
0.5837
0.0659
0.3334
0.5435
0.5641
0.7531
0.6586
0.4849
2.8625
0.8346
1.1777
1.3737
0.5695
0.5677
1.141
0.4069
0.358
1.255
5.1337
1.019
0.8279
0.7937
2.9483
2.0203
0.7495
0.7741
0.8088
0.5655
0.6563
0.9217
1.258
0.8985
1.436
0.3055
2.1704
2.1979
0.5533
0.6941
0.5854
0.862
3.7817
0.8549
0.9708
0.2901
1.0778
0.3613
1.5847
0.8997
4.0307
2.7344
1.3403
0.8091
0.7508
0.5916
1.8051
0.3385
0.2622
0.4351
0.5223
0.9479
0.3847
1.3419
0.7382
0.7291
0.5504
0.6539
0.5176
1.5888
0.3471
1.7209
2.099
4.3496
2.8304
1.4506
3.6066
0.8137
0.5658
0.8398
1.4043
0.6318
0.9206
0.5589
0.9395
0.321
0.7948
1.1552
1.5238
1.402
0.6339
0.5885
0.9887