0.6563
2.099
0.5326
0.8282
0.6933
0.6058
0.9282
1.3502
0.5973
4.4791
1.9282
1.0598
0.524
0.3055
0.9217
0.5365
0.4704
0.5641
0.8985
1.5888
0.5223
0.6447
0.1451
1.3419
0.7302
0.5814
0.961
0.7398
0.8091
0.5854
1.2966
0.8124
0.7121
0.6045
0.9753
0.1631
0.5788
0.7745
4.1999
0.4639
0.5546
0.5589
1.1803
0.8549
1.3913
1.151
1.3737
0.8225
0.8249
0.3337
0.51
0.9067
0.3087
1.099
1.436
0.4864
1.2595
0.7422
0.8039
0.3655
0.5647
1.7386
0.5603
1.0593
0.7703
0.7154
0.2994
0.9482
0.0442
0.7508
0.6135
0.9266
0.8887
0.9009
0.887
1.2787
0.7597
1.258
0.7876
0.5881
0.3476
0.716
0.2746
0.3405
0.4528
0.5837
0.5612
1.2398
0.5901
0.6014
0.6221
0.6028
0.8702
0.6087
0.412
0.7368
0.2564
0.7402
0.5504
1.2494
0.4333
1.042
2.3046
0.8137
1.0778
2.691
1.4368
0.2556
0.3613
1.019
0.7752
0.9708
1.1552
2.8625
2.5218
0.3499
0.3471
1.2195
1.0118
0.6148
1.3462
0.2073
0.7465
0.6318
1.0842
0.0849
0.7108
0.4472
1.1594
0.7522
1.657
1.0958
0.4208
1.2628
1.2183
0.6586
0.5749
0.8997
0.5513
0.1039
0.8746
0.7347
0.7678
0.2621
0.8346
1.6566
0.1687
0.9479
0.4276
1.2531
1.002
0.2207
1.816
0.9122
0.7816
1.0373
0.6941
0.5293
0.7974
2.1704
0.9092
0.5931
0.9275
0.8197
0.658
0.6071
0.8566
0.7937
0.4578
0.5934
1.3001
1.5826
1.1973
1.2199
4.2395
0.695
0.0584
1.3152
0.5695
0.2603
1.2656
1.1777
0.8556
2.3435
1.7209
0.3078
1.1086
0.4069
0.8425
2.9437
0.8264
0.9284
0.5533
2.3457
0.318
2.9483
0.9992
0.862
0.3318
0.5774
0.4342
4.3142
0.5407
0.5419
0.5685
0.6339
0.2686
2.7344
0.0929
0.7725
0.5791
0.7634
1.1282
0.5613
0.7723
3.6066
0.0785
0.9395
0.2785
1.9954
0.5537
0.5677
0.2901
0.9108
0.9769
0.606
3.7817
0.7034
0.293
1.1298
0.6098
0.5232
1.4503
0.5164
0.6223
0.6072
0.3725
1.3309
0.5367
1.4464
6.354
0.5466
2.9835
0.6201
0.3893
0.4344
0.3334
1.8731
0.9434
0.362
0.5955
0.4843
0.5979
0.771
4.5146
3.4747
1.1291
1.0976
1.2342
0.7741
3.0147
0.5176
1.1447
0.5053
0.6701
0.7985
2.2394
2.6031
0.5885
0.2326
0.4501
0.7468
0.7948
0.9206
5.7864
1.7324
1.255
0.8551
1.0771
1.1717
0.6003
4.3496
0.4697
0.1877
0.7125
0.3299
1.402
1.0247
1.9004
0.9946
5.1337
0.7778
0.8248
0.9084
0.8402
0.1145
3.0149
0.3196
0.554
0.4978
0.9476
0.7382
1.1518
0.8659
0.8343
0.2114
0.4118
0.7531
4.1532
0.749
0.4361
0.7146
0.8596
0.3034
0.7252
0.514
0.7408
2.3577
0.8179
0.5658
0.5849
0.8088
0.4849
0.6247
0.8809
2.4002
1.9731
1.141
0.3375
0.4575
0.9986
0.4623
1.3403
0.61
0.8855
0.7853
null
0.7804
2.0203
2.0953
0.8315
0.366
2.8304
0.6056
0.7168
0.8398
0.8093
2.5632
0.6079
0.655
1.0307
0.8894
0.4913
0.8417
0.8413
0.8279
0.3321