1.2966
0.6135
1.1413
1.2342
0.7578
1.4608
0.358
0.8402
0.5931
1.3913
0.5638
0.5911
1.099
0.8197
0.9206
0.5419
4.4876
0.3476
0.5973
0.604
0.7597
0.7125
0.8718
3.0817
0.8746
0.3847
1.2195
0.6318
0.7297
1.9282
0.8088
1.0118
0.4333
0.8809
1.1298
0.6933
0.6072
0.6056
0.4472
4.3142
0.3196
2.099
0.5466
1.0598
0.8249
1.019
0.5053
0.5435
0.2556
0.7634
0.6507
1.3808
1.1447
0.8225
0.5849
0.8346
0.7816
0.6386
0.7752
0.6712
0.9092
0.7108
0.4118
0.055
0.6597
0.7522
2.2394
0.0442
2.8304
0.8279
1.2199
0.0533
0.9217
0.2207
0.1728
0.3613
1.0307
0.9482
0.3835
0.6014
0.6848
5.7864
1.0778
0.8413
0.5176
0.6028
1.7324
1.5888
1.6566
0.4351
1.0373
0.7302
0.4342
2.1284
1.1291
0.5942
0.9009
1.2183
0.412
0.5641
1.8051
0.4849
2.5218
0.3318
0.9946
0.3078
0.3405
3.6066
0.5232
0.5658
0.6045
0.8039
0.749
0.5837
1.2641
0.4208
0.8566
2.6031
1.1717
1.4503
0.6223
0.7236
0.7146
0.7422
0.5293
0.3655
1.9731
0.7723
2.1979
0.7531
2.0953
0.5326
0.6129
0.5685
1.0842
0.5653
1.3152
0.4704
3.8457
0.3334
4.5146
2.691
0.1631
2.3046
0.6528
0.4501
0.2621
0.0785
0.5881
0.7398
1.1426
0.7778
0.8264
0.3163
0.9769
4.4791
0.321
0.3385
0.0849
3.7817
0.7252
0.862
0.4864
0.366
0.6201
0.5677
0.0659
0.7408
0.1145
0.6447
0.8659
1.2531
1.1803
0.6422
0.3725
0.4276
0.5612
0.1039
0.7804
0.7283
0.7948
0.5613
0.318
0.3321
1.4506
1.0958
0.9992
0.9887
0.9753
0.5655
0.3087
1.0771
0.8551
0.8179
1.3497
0.5652
0.3499
0.7937
0.5408
0.7672
0.8417
1.4368
0.771
0.8855
0.7465
4.0307
0.5788
0.5901
0.554
0.8398
0.5546
0.7745
1.0976
0.7468
1.141
0.6339
0.6079
0.3471
0.6941
1.255
0.8894
0.8282
0.3459
1.158
1.9004
0.7368
0.5504
2.1704
0.9275
5.1337
2.4002
0.6247
1.2656
0.3893
0.3025
2.9437
2.3577
0.5589
2.8488
1.5826
0.5533
0.3122
0.5791
0.3055
0.887
0.4575
4.2395
0.5513
1.2787
1.7209
1.2595
1.2398
0.5814
2.0203
0.7876
0.6908
0.961
0.7508
0.7703
0.5367
1.1086
0.2114
0.7725
2.9208
0.5955
0.7678
1.4464
0.7168
0.362
0.8997
1.151
1.3462
1.3403
1.258
0.4434
0.293
1.4043
0.0929
1.9571
1.1518
1.3419
0.9084
0.3337
0.5537
1.816
0.4252
0.2622
1.8731
1.2628
0.514
1.7386
1.3309
0.5916
0.8596
1.1777
0.4361
0.4913
0.8556
0.7382
0.7402
null
0.5885
0.7154
0.3375
0.9266
3.4747
4.3798
0.8124
1.436
1.9954
2.5632
1.4715
0.6148
0.1877
0.8985
0.9986
0.9122
0.2603
0.6701
0.2746
3.0149
0.658
0.7741
0.6539
1.657
0.2901
1.2494
0.1687
0.4978
0.7291
0.61
0.5223
1.3737
0.9395
1.0247
0.9108
0.716
0.6087
0.4344
0.3034
2.7344
0.4578
0.2785
0.5365
1.1594
0.1339
0.8887
0.8425
0.6003
0.7701
0.9434
1.002
1.0593
0.5774
1.054
0.8113
3.3524
0.5212
0.7121
0.5647
2.225
0.9284
1.1282
1.5238
0.6586
1.5847
0.9067
2.8625
0.1451
0.7985
3.0147
0.3607
0.4665
0.4528