2.1704
0.5537
0.3318
1.9282
1.3913
0.8809
0.4639
0.8282
0.4472
1.657
0.5221
0.8855
0.3459
1.024
0.1039
0.6129
0.3471
0.0929
0.9769
0.7252
1.0778
1.1447
0.8225
0.61
0.3835
0.6079
0.5655
0.8549
2.8625
1.6566
0.887
0.8425
0.6247
0.5685
1.3152
1.054
0.2901
0.7531
0.412
1.4506
3.7817
0.3122
0.8746
2.2394
4.4791
2.0203
0.8346
0.7382
0.3334
0.8113
0.7236
1.2494
1.0598
0.5466
0.8556
1.8731
0.7937
0.4208
0.358
4.2395
0.4252
1.2595
0.4665
0.5603
2.3046
0.3337
0.4864
2.8304
2.3577
0.3087
1.1298
0.5931
1.4503
0.5979
0.9461
1.0958
3.0149
0.7876
0.6507
1.2628
0.5658
0.5901
0.2686
0.7408
1.9004
4.3142
0.8197
0.7422
0.3405
0.3375
3.3524
0.5176
1.1803
0.6712
1.505
0.293
0.4978
0.5749
0.9992
0.3299
0.6422
0.7853
5.1337
1.0976
1.5238
4.3496
0.6586
0.0442
0.7752
1.099
0.8894
0.8091
0.2114
0.6098
0.5612
0.5647
0.6701
1.816
2.9208
0.8069
0.6045
0.7108
0.7347
0.4704
0.3196
0.4333
0.3655
0.4923
0.5916
1.0307
0.1451
2.9483
0.5695
0.3725
0.5407
0.362
0.3163
2.1284
0.7468
0.4913
0.5791
0.9108
1.2199
0.5365
0.7302
1.3309
0.9986
1.7386
1.2966
2.4002
0.8596
6.354
0.5435
0.6339
0.7985
0.055
1.255
0.6072
0.5326
1.3462
0.3607
0.8249
0.8137
2.8488
0.6058
0.8887
0.4342
0.7522
0.8985
2.3435
0.3078
0.9946
0.6071
1.3808
0.1145
0.4069
0.6563
3.4747
0.5546
0.9482
0.6908
0.5774
1.3419
0.2073
0.4501
1.3403
0.7034
0.5638
0.4351
1.0771
0.7154
0.2621
1.1552
1.0118
4.5146
0.7291
1.158
0.4344
0.8279
0.2564
0.51
0.6933
0.6154
1.2641
0.4843
1.1594
0.7974
2.0953
0.4434
0.7745
0.8179
0.8343
2.3457
0.8659
0.9206
0.2622
0.5613
0.8702
0.4528
1.1777
1.4608
0.6318
4.3798
0.5367
1.402
0.8039
0.2207
0.7723
2.7344
0.4697
1.9954
0.5973
0.0785
1.3001
0.5419
0.1631
0.3499
3.6066
0.5408
0.0849
0.7495
0.5293
1.2195
0.7634
0.5641
0.8248
0.4276
0.6447
0.1339
0.5849
0.5788
0.606
0.62
0.3025
1.2342
0.7816
0.1687
0.5955
1.258
3.0817
0.862
0.3385
0.6148
0.9479
0.6528
0.7121
1.5847
0.7804
0.6848
0.5942
0.8402
0.9217
1.1973
0.7168
2.1979
0.5837
1.372
1.4368
0.7297
0.0584
0.7578
1.1282
0.5885
0.5442
0.9266
0.9887
0.655
0.2556
0.4118
2.099
1.3737
1.019
0.5854
0.2994
4.0307
0.6597
0.1877
0.2746
0.5814
0.6201
5.7864
1.4043
0.2603
0.366
0.7703
0.695
4.1999
1.2787
0.9395
0.8088
0.6941
1.8051
1.1291
0.5164
0.6386
0.4578
1.2656
0.5212
0.6223
0.716
0.604
0.318
1.5826
0.4361
0.9122
0.4575
0.6135
0.5223
0.0533
0.4623
0.7678
0.8315
0.8264
0.5653
0.4849
4.1532
0.5533
0.7283
1.151
0.2326
2.691
1.4464
0.6221
4.535
1.1413
0.5881
0.554
0.3613
1.002
0.9284
null
0.5652
1.0247
2.2411
1.9731
0.5934
1.3502
0.9275
0.2419
1.436
0.8124
0.7948
0.8997
0.7725
1.4715
1.1426
0.7741
1.2398
0.1728
0.5232
0.9009
3.0147
0.5391
0.7778
1.2183